1010111101 100010. ‘ - ,11

00101111 10111 101 111101000101111 10111111, 1000 der Be
11011011101011011001111100111010, 10111010, 101 101111010 Melete
selle 1111 011 [1001101101 100 31001010 111 111010110101111110 mie
(1011111010 01010000 1), 00 geht 000 dieser 1100110101011110101101,
1000 0101 100111011101110111110010 dienen sollte, einen 11100111-
11101110111011, 101 1010111101 11011 (1010100111 1110100110, 111111101-
1011110 1101111000. Als Paul V. die 1100111111010110 1111110
.‘ (1010110010101010 010 0101 00001 1101110111010111111111111110110111
10110111101110011 0101 gene 11101 001,1011110100111011001100011
11111οΜ110110101100 1011010 110 1110011111110011011 end 10111010 ’
11101001101 110110110 lang 1111001011101011011010011101,11101
0110 Βο011 11110011 101 1100011111 (100 1010111011) Se 110101 eleo 11001
101111101οΗ,11110101011100010010110110001111011101111 111-
1011110 11011, 01101 Βο100 111 101 8011, 1000 11000 111010 011 110
Ε100101111110011011 101010, um als 101110011111011100 zu 0110101011,
100 101 Βο11 11 10111101 11011 1011110011 10110. 11011101 101 101
010011110101111011100111010111111101 0101 111110 (1101000101110 11011010
1010οε 110101 11110, 1101. Β. 101 Κ1010 1010111100 1110101111 00-
0010111101 100 110111 100 111011101111 1000110110011111110011011
11101 die Person (10οΗ011001010 0100000100101, 011οΡ110110, die 11101
011011 (111111 10110. 1111 Menige 1111 11110101 101 101Βο111110
001101010 1110101011 1101111110011,101010 1001110111011101
1011011111οη 001110, 101011 1011 001011000100101011111101.11001
(1011 1110111 110101 1100110 welches 1010010 mallen 81011011 1010001
0011,1-1101111010111101,0101 11011 1111101101 (101 1111010101, 01011
1101111011 010110101100 8100100 sein, 101101 01 0101111011·
eommunieetion 111 10110110 01 0101 11011111101110110011101100
(1010011011, 00 01110 01 001101 110001101100110 1011001101 1011101101),

’ ’ 110111011101011 waren ihm keinen-Gehersem mehr 00111110, 101

Papst 1101110 1001011011 den 1111 101 11010 ’100011 0111 101111 01 00
1101, 00 10110110 01 110111110011101-111001001011 010 0101110101 der
Kirehe‚ 0011011101111100101 0011100101 11011110, (110 01 110 1111101·
01101 0111101111, 1011101101 010 1011011001οτ (10001100100111001101101
8100100010. Ven diesem (100101100101110 010101 110 11110111 101011
1001011101,101010110110011111011001101 01011 een 1011100101 801-Ι
101010101111000101 010 101, 00 10100 jene Bestimmung des 111011

1.)1011000100. 01111 1111. e. 37 110011101175.Ῑ
2) conse 80101011 0111001. J. 1100. Bellar. T. 111. 11101
11,)Ηο1010 10101110100011.1 S. 7271.
)11111101)011 1111111 110 11110111 1101110100 gegeben 1111 1101101111,
11101521. 0 ·

' 00 “ ..

 

