1666166.τ166 Ἰ66611661661. 6. 1166661666 6. mul! 186666 116-1616. Gur. 16666. 325

166166661666 166 1666611111666 6666666166 66616, 6161111661166
166 06666616166166 6161616666 was 6166 66166166111666 1166166616
161. 1166 161 61666 11666 stelle 666 Wort zu 11661 dem 6666611611-
16611161661661616 6616666666; 1616166166 mir 6666616611( »(116 16166-
661611661666 8166166666166 vom 25. Mai l. J .« 6611 »166 0666661616
zu 6616666166 661166 1661666666616616666166 6661666 1661161666-
166611666666666166 8616166166 666 166 6161166166 Zahl in 116 61616616
6666661666. 111666 6666616 616 116 16666616 816116 16 116166 ,166
666 mir 6666666666666 1166166666 166 066666161 166 1166 6611661,
61616161 61616 ihrer 6666666166166 11666666 wider 116 116-1666166

16616666116616166,16611616666 616116161161616666666161116 , ¹

666 8166 161116. 1166666616 hat 166 k. k. 166166666161616661166
1661. k. 116616666611661661116616661166661; 166616 166 Β666161666
(166 Β66616166666, 116 ·Β666161666616666 166 Η1616616616166 ¹ 666666 166
16166611616666 16616661666 1668116666166 1166116166 116166 66
161611666161666616166, 1666 116 (1666166 vom 25. Mai »6161616161
Eingange 616 16611666 166 1166 1166661611 666166( 111666 66
666161161161,.1661(16666 8166166116616 16 dieser Weise 66666-
166166, 6ο gibt 666161161666666611161666116161666616161166, 166
6161661616166616Β6166166661661666166616666616116666. ’ ,
Das k. k. 16616666616161 hat sich aber 1166661616161166661666611,
666166616661161616116 166 666 ihm 66111116 11611611 661166666666666,
116 166 111616616161 6161611616 66116611, 666 16666 61666 6666 661666616-
1161616166666666 6666666 666166. 01666 1661161 66616161 1661116166-
166161616161166 die 166161666666 (166 (1666616166, 116 16666666 ,166
8616616 666 166 Κ166166 661 (116 (11611-1116666166111116661666;16616
6661616616 616 1661666166 66 finden, 66166616 man 6161116 116661-
61166 66616666, 66116 6661616666 (116 6666166166 1166166666 66666161, und .
66 61611 6161 616· 66616 616161 6616666666 616 Β1661661 16616 diesen
1661 166666 61666 661666 81661166611616 166 166 Κ166166 6166116666,
1611611616666161666 11666666 zu 66666166 661 6161666616 (16166166
nur von Solchen 66616666666166, 16666 hob 1161166 (166 6616161616
1616166166. 1166666166 (1666 durch 66 1166161 1661616616 816616-
6666166, 616 616 immor 166661661666616 (61666, 6161616661 166 3166161-
166 1661161116161661166 6616616611 (1661661 11661( 166 Η1616616161
66116111 6161616, 66166616 616 66616161 616166. 1616 66666 616166 661
6166 1161666616116661616661666, welche zu 16616666 1616 661666 666166-
66616 6661111161 war, 666666111616 16 (1666 8616661166, (166161 am
1. 11166 66116. 1166611666 66 61616166 116116616116. Die 811666666-
66616616611, welche man 16 166 66661666166166 Κῠ6666661661166 wer,-
. 166666 6616, kann 1666161666, 1666 (116 (1666166, 666 66161666 1161616666-

 

