1111, sent 111 11111. 1111111111111111111111 115

1111111111 1111 11111 dem 81111111111111 111 1111111111Ὶ ln 111 8111111111 111
1111111111111111111,11111111 11111111 111 1111111111 1111111111 111

, 0111111111111 1111111111 1111 (11. 51), sennem 1111 111 1111111111 5111111

111 11111111111111111111111111111111, 111 ,111111 111 1111111111 1111111111
111 111 1111 1111111111 11111 1111 111 11111111 11111111 111111111111
(11. 51). -— 11111111 111 1111111,.1111111 1111118111111111111 1111111111
11 11111111 11111111 1111115111111 111 111 111111111111111118111111111·
1111 1111111111 - Ver 111111. 111111 ee, 11111 11111 1111111 11111111 11
1111111111 511). 11 1111111 11111 111 es 11111 11111 1111111111, 1111111 11111·
11111 1111111111 111 111111811111111111111 (11. 71.); 111 11111111 1111111111
1111111111 sei 111 11 leben (11. 7111, 11 men 1111 1111111 111 111111 11
1111111111 1118111111 111 1111111111 111 111111 und 1111111111111111111
1111111111111111111. 711). - 1111111111 111111 1111111111. 1111111111
11111 1111 111 1111111 11111 1111111, 1111111111 1111 111111 modernen ldeen

11111 11111111 11111, 111 1111111111 11111 11111111 11111, er 11111 1111 1111 ’

111111111111111111 1111111111 1111111111 111 1111111111 (11. 1111). μ,
1111111111111111111111111 11111111111111, 111111 111 1111111111
111111 1111111111 sind, mugen 1111 11111 1111111111111111111111111111
1111111111, 111 die 1111111111 8111111111 011111111111111. November 1111.
Jam 1111111111 111 1111111 1811, 111 111111111111111111 (111111111111111
1111 1111111111 111111111111111 11111111 111 111 1111111111 1111111111111
111 81111 111 1111111 1. 1. 1., 11111 everen 111 senen einzelne 1111111111 111·
cinge 1111111111, 111 1111 1111111111 1111111111 11111 1111111111. -
1111111111111 111 11111 1111111111 1111111111111111111111111111111·
1111111111 dem 11111118111111111111111111 1111, 11111 1111111 11111 111
11111111111111111 111 1111111111 Placet 111 1111111111 11111111, 1111111
1111, 11 111 ee 111111,·,,1111 1111111111 1111111 111 beiden 11111111· 11111·
11111 111111111111111 11111. 111 15. August 1118 worden 0111111111111·
1111111111111111111111 1111111111 111 111111 11111111 111 1. 1111111
1811 11111111 111 11111111111111111 11111111111111111 1111111111111
neaeman 111 1111111111 18111 111 111 111111, 51111111 11111111111111111.
1111111111 1111111111111111111111111111 1111 111 1111111111 1111111111.
1111 1111111, 11111111111111 1111111111 111 3111111111 Regin, werden we·
111111111111111111111111111 111 dem 1111111111 1111111 mit 1111111111
1111111 111111, 111 socer 1111111111 111111111111111111111111111. 11111111·
11111111 111 1111111111 1111111111 111111 111 1111111111 Professor des 111111111-
11111 11 11111 111111 11111 seine 111 syllabus 1111111111 11111 1111111111111111
11111111 111111111111111 1111111111 111111 111 111 8111111111111111 11
81111111111111111 11111111, 111 11 1111111111 111 1111 ,1111 heiligen 811111 ehge-
1111111111 1111111111 111111111111111111111111 11111111. 111 11111111
11111111 wie 111 111111 111111 die 1111111111 1111 1111111111,111111 111 in Neu·
11111111 1111111111 11111 1111111 1111111111111111, umet diesen den [11111111
111 sente Fe 11 1111111, 1111111111, religiose orden 1111 0111111111 11111111·
megene 1111111111 111 111111111111111 111 1111111111 11111 1111111111.
111 1111111111 111 111-1111111 1111111 1111 1111111111 111 111111 111 circum·
scriptionum 11111111 1111111111 en, 1111111 111 1111111111 1111111111·
11111111 1111111111 111 111 11111111111111111111111111 11111 811111 zu·
1111111. wie 11111 11 1111111, se 1111111111 Bibliotheca 11111 111 uma 111
11111111111111111 1111111111 system. 111 erin tinem 11111111 1111111111
Β1111111111111111 zu hegrstnden 111 zu 1111111111 11111. - 11 8111111
111111111111111111111111111 111 11111111111111 111 1111111111 von
1151 1111111111 die 11111 111 31. 11111 18115111 1111111111111 1111111111-
111111111111, 1111 1111 11111111 111 1151 11111111111111111111111111·
1111111 1111111111 wer 111 18111111 11111 111 11111111 11λ 11111111 1111111.

Dies 111 111 1111111111 fundament 111 111111111111111111 11181111·
111 (8. 11111). 111 111111, 111111 111 11111111 111 111111111111111111 111· ·
selben 111 1111111111 1111111111, sind kun folgende:

111 Auem 1111111111 11 111 1111111 ,11111111 11118111 und 1111111.
11111111 111 11111111111111111 111 111111111111111111111 die 111111 111111 111
er 111, dass, 111 11 111 11111111111111111 111 11111111 ordnung 111111
11111111111111111111111 111111111111, 11 1111 11111111 111 1111111

 

